00001111110000010000010100010111
00000010000001010000010100010011
00000000100000000000010110010011
00000000000000000000001100010111
00000110010000110000000011100111
00001111110000010000010100010111
11111110110001010000010100010011
00001111110000010000010110010111
00000000010001011000010110010011
00000000000000000000001100010111
00000110010000110000000011100111
00001111110000010000010100010111
11111111010001010000010100010011
00000000100000000000010110010011
00000000000000000000001100010111
00001000010000110000000011100111
00001111110000010000010110010111
00000000000001011000010110010011
00000001111100000000011000010011
00000000000000000000001100010111
00000001010000110000000011100111
00000000000000000000010100010011
00000101110100000000100010010011
00000000000000000000000001110011
00000000000100000000010100010011
00000100000000000000100010010011
00000000000000000000000001110011
00000000000000001000000001100111
00000000101100000000001010110011
00000000000001010010000000100011
11111111111100101000001010010011
00000000010001010000010100010011
11111110000000101001101011100011
00000000000000001000000001100111
00000000101000000000001010110011
00000000101100000000001100110011
00000000000000101010001110000011
00000000011100110010000000100011
00000000010000101000001010010011
00000000010000110000001100010011
11111110000000111001100011100011
00000000000000001000000001100111
00000000000001010010001010000011
00000000000001011010001100000011
00000000011001010010000000100011
00000000010101011010000000100011
00000000000000001000000001100111
11111110000000010000000100010011
00000000000100010010111000100011
00000000100000010010110000100011
00000000100100010010101000100011
00000001001000010010100000100011
00000001001100010010011000100011
00000001010000010010010000100011
00000000101000000000101000110011
11111111111101011000100110010011
00000011001100000100110001100011
00000100100000000000000001101111
00000000100000000000010100110011
00000000010001000000010000010011
00000000000001010010001100000011
00000000010001010010001010000011
00000000011000101101100001100011
00000000100000000000010110110011
00000000000000000000001100010111
11111010100000110000000011100111
00000000000101001000010010010011
11111101001001001100111011100011
11111111111110011000100110010011
00000000000010011000110001100011
00000001001100000000100100110011
11111111001100000101101011100011
00000001010000000000010000110011
00000000000000000000010010010011
11111100000111111111000001101111
00000001110000010010000010000011
00000001100000010010010000000011
00000001010000010010010010000011
00000001000000010010100100000011
00000000110000010010100110000011
00000000100000010010101000000011
00000010000000010000000100010011
00000000000000001000000001100111