00000011001000000000000010010011
00000011110000010000000100010011
00000000011100000000000110010011
00000101000000000000001000010011
00000101101000000000001010010011
11110010111000000000001100010011
11111101000100000000001110010011
11111111110000000000010000010011
00000000011000001000010010110011
01000000010000010000010100110011
00000000001000100001010110010011
01000000001101000101011000110011
00000000110001011100011010110011
00000000010000110011011100010011
00000010001000000010000000100011
01000000001100000001000000100011
01000000010000000001100000100011
00011000010000000000100000100011
00011010010100000000110000100011
00000000000000000010011000000011
00000010000000000010011010000011
01000000000000000001011100000011
01000001000000000001011110000011
00011001000000000000100000000011
00011011100000000000100010000011
00000000110000001000110001100011
00000000110100010000101001100011
00000000111000011000100001100011
00000000111100100000011001100011
00000001000000100000010001100011
00000001000000101000001001100011
00000000000100000000101000010011
11111111110111111111000001101111