00000000001100010000000010110011
01000000011000101000001000110011
00000000100101000100001110110011
00000000110001011110010100110011
00000000111101110111011010110011
00000001001010001001100000110011
01000001100010111101101100110011
00000000111111010000110010010011
00000000110011100100110110010011
00000001011111110110111010010011
00000001010000001111111110010011
00000000001000011001000100010011
00000000101000101101001000010011
01000000011100111101001100010011
00000000001101001010010000010011
00000000010001011011010100010011
00000000100101101000011000000011
00000000010101111010011100000011
00000000101110001100100000000011
00000000001110011101100100000011
00000001010010101001100100100011
00000011011010111010000110100011
00000001100111000000110001100011
00000011101111010001000001100011
00000001110111100100100001100011
00000001111111110101110001100011
11111110001000001110100011100011
11111110010000011111011011100011
11111110100111111111001011101111
00000010100000111000001101100111
00000000000001000000010000110111
00000000000000010001010010010111